731522422232
999999998587
775444333333
553333333333
777766555443
977777775337
843211222231
999855512344
633333335222
877772223342
766444444474
886654452332
968453453949
999998876679
666555553222
998886674795
555342423334
976654444621
986332332262
983225138382
776543224543
996546344467
966682282232
855432852334
666622222231
875212322431
982222222221
755444322243
994325222224
777655555544
977666655535
666555555555
533332232121
977665558723
999999977557
763351352225
986544448444
998532244974
922223222321
996233324313
876553332533
433342221222
999977743555
999999999996
666453222212
964222222423
777777735221
555533322225
997777546645
766555444454
843362313272
774445233331
984554323252
655555555435
777654444444
743212326232
998888742222
777776444443
776664333523
887765323244
999754821213
999999999999
988889366538
998555558525
666655544433
988652232323
855555554635
987777777666
998763336332
665536422521
855587634133
999997777927
993222521322
777722642235
977665554512
976646465453
976662523124
988865733877
977774835247
866446435444
777777765297
842222222352
977775355545
993456463553
875433322527
665547122112
776666633632
966433333333
997776666655
666655554344
999994525653
777732332332
997665754543
777777632223
875555444444
966655544256
554444444444
998856232122
999847423122
999944455467
655444444333
776433354423
743333344443
998854333436
777322422332
867362232326
443332342222
876555444334
555544444445
855555335422
534122222212
755544433341
977773882412
999635373371
894522232371
775433221233
855554444444
988864445933
954432322433
999976654345
988776555544
444444456789
998777734868
996555334456
852322223322
888887777684
733357422553
777666666655
998763755232
766644442334
986643352435
988656531252
888877777778
986666666465
777777777789
888884793223
777775554614
655444555222
777554433239
888884433333
888882433466
777777777772
988877532281
999945522424
743222211732
987777744462
888766449335
555555556789
775444433222
973533322621
955564156363
888888888779
999877666422
888766555624
986555643243
544312325223
954444333364
544521212211
987337343722
666534342122
655313223232
999766666666
875533228364
444444341333
999888744887
643222222222
966655444533
444512242221
888888883343
966655655565
644332222213
665232243224
865324661125
554342222451
777643351243
977555555555
999999777779
986445261323
555522221221
877667412142
963335223232
876554443333
888885365733
888888888888
632222223223
876666842254
553222244223
795567647537
953355242243
766834514533
955564124334
888888333352
666652223221
773332243223
558312123112
877742432312
544443334323
666666666789
933342273393
888864624924
168798209663590