731522422232
999999999999
777777777777
555555555555
777777777777
977777777777
843211222231
999999999999
633333335222
877777777777
766666666674
888888888888
968453453949
999999999999
666666666666
999999999999
555555555555
976666666666
986333333362
983225138382
777777777777
999999999999
966682282232
855555852334
666666666666
875212322431
982222222222
755555555555
999999999999
777777777777
977777777777
666666666666
533333333333
977777778723
999999999999
763351352225
986544448444
999999999999
922223222321
999999999999
876555555555
433342222222
999999999999
999999999999
666666666666
964222222423
777777777777
555555555555
999999999999
766666666666
843362313272
777777777777
984555555555
655555555555
777777777777
743212326232
999999999999
777777777777
777777777777
888888888888
999999999999
999999999999
988889366668
999999999999
666666666666
988888888888
855555555635
987777777777
999999999999
666666666666
855587634133
999999999999
999999999999
777777777777
977777777777
976666666666
976666666666
988888888888
977777835247
866666666666
777777777797
842222222352
977777777777
999999999999
875433333527
666667122222
777777777777
966666666666
999999999999
666666666666
999999999999
777777777777
999999999999
777777777777
875555555555
966666666666
555555555555
999999999999
999999999999
999999999999
655555555555
777777777777
743333344444
999999999999
777777777777
867362232326
444444444444
876555555555
555555555555
855555555555
534122222222
755555555555
977777888888
999999999999
894522232371
777777777777
855555555555
988888888933
954444444444
999999999999
988888888888
444444456789
999999999999
999999999999
852322223333
888888888888
733357422555
777777777777
999999999999
766666666666
986666666666
988888888888
888888888888
986666666666
777777777789
888888893223
777777777777
655555555555
777777777779
888888888888
888888888888
777777777777
988888888888
999999999999
743222222732
987777777777
888888889335
555555556789
777777777777
973533333621
955564156363
888888888889
999999999999
888888888888
986555643243
544444445223
954444444464
544521212222
987337343722
666666666666
655555555555
999999999999
875555558364
444444444444
999999999999
643222222222
966666666666
444512242222
888888888888
966666666666
644444444444
666666666666
865324666666
555555555555
777777777777
977777777777
999999999999
986445261323
555555555555
877777777777
963335223232
876555555555
888888888888
888888888888
632222223223
876666842254
555555555555
795567647537
953355555555
766834514533
955564124334
888888888888
666666666666
777777777777
558312123112
877777777777
544444444444
666666666789
933342273393
888888888924
168887712515547